0.000000 0.048400 0.000000 0.000000 0.000400 0.470000 0.470800 0.010200 0.000200 0.000000
0.000000 0.000000 0.012600 0.000000 0.866800 0.000200 0.002000 0.118400 0.000000 0.000000
0.000000 0.914000 0.000000 0.000000 0.000000 0.000000 0.000000 0.003200 0.045200 0.037600
0.002000 0.830000 0.000000 0.000000 0.000200 0.000000 0.000000 0.003200 0.133000 0.031600
0.000000 0.914400 0.000000 0.000000 0.000000 0.000400 0.002200 0.000000 0.027000 0.056000
0.006400 0.065000 0.000000 0.000000 0.000000 0.000000 0.001600 0.000000 0.807800 0.119200
0.010400 0.082400 0.000000 0.000000 0.000000 0.000000 0.000000 0.838400 0.067600 0.001200
0.000200 0.173400 0.000000 0.000000 0.000000 0.000000 0.071400 0.000000 0.753800 0.001200
0.000000 0.000200 0.000000 0.000000 0.236200 0.348200 0.018400 0.396800 0.000000 0.000200
0.000000 0.000200 0.044000 0.000000 0.861000 0.047600 0.044200 0.002800 0.000200 0.000000
