0.001200 0.011400 0.353600 0.034200 0.014000 0.004400 0.006600 0.006800 0.531200 0.036600
0.008400 0.000200 0.002400 0.007400 0.000600 0.001800 0.002600 0.000400 0.012600 0.963600
0.463400 0.002600 0.002200 0.230400 0.082200 0.079600 0.103600 0.022600 0.008800 0.004600
0.014400 0.002400 0.036000 0.005600 0.011200 0.878800 0.024200 0.012800 0.007800 0.006800
0.028600 0.001200 0.299600 0.329200 0.005800 0.112800 0.044600 0.167400 0.007400 0.003400
0.003200 0.001000 0.026600 0.913000 0.006200 0.012000 0.006600 0.027000 0.003400 0.001000
0.011200 0.005600 0.155000 0.789400 0.010000 0.014400 0.001600 0.002200 0.007000 0.003600
0.014000 0.002000 0.024800 0.037000 0.081800 0.823000 0.004000 0.001800 0.002200 0.009400
0.889400 0.030600 0.009600 0.011800 0.001800 0.003600 0.003400 0.002000 0.001200 0.046600
0.024800 0.930600 0.004800 0.009400 0.000800 0.001800 0.001200 0.005000 0.018000 0.003600
